# Created by Octave 4.2.1, Mon Mar 12 16:45:28 2018 GMT <unknown@dsvec-4597>
# name: C
# type: scalar
100


# name: X
# type: matrix
# rows: 51
# columns: 2
 1.9643 4.5957
 2.2753 3.8589
 2.9781 4.5651
 2.932 3.5519
 3.5772 2.856
 4.015 3.1937
 3.3814 3.4291
 3.9113 4.1761
 2.7822 4.0431
 2.5518 4.6162
 3.3698 3.9101
 3.1048 3.0709
 1.9182 4.0534
 2.2638 4.3706
 2.6555 3.5008
 3.1855 4.2888
 3.6579 3.8692
 3.9113 3.4291
 3.6002 3.1221
 3.0357 3.3165
 1.5841 3.3575
 2.0103 3.2039
 1.9527 2.7843
 2.2753 2.7127
 2.3099 2.9584
 2.8283 2.6309
 3.0473 2.2931
 2.4827 2.0373
 2.5057 2.3853
 1.8721 2.0577
 2.0103 2.3546
 1.2269 2.3239
 1.8951 2.9174
 1.561 3.0709
 1.5495 2.6923
 1.6878 2.4057
 1.4919 2.0271
 0.962 2.682
 1.1693 2.9276
 0.8122 2.9992
 0.9735 3.3881
 1.25 3.1937
 1.3191 3.5109
 2.2292 2.201
 2.4482 2.6411
 2.7938 1.9656
 2.091 1.6177
 2.5403 2.8867
 0.9044 3.0198
 0.76615 2.5899
 0.086405 4.1045


# name: ans
# type: scalar
1


# name: cstr
# type: cell
# rows: 0
# columns: 1



# name: f1
# type: scalar
0.9394130628134758


# name: l1
# type: scalar
5


# name: model
# type: scalar struct
# ndims: 2
 1 1
# length: 6
# name: X
# type: matrix
# rows: 6
# columns: 2
 3.5772 2.856
 2.6555 3.5008
 3.9113 3.4291
 1.1693 2.9276
 1.3191 3.5109
 0.086405 4.1045


# name: y
# type: matrix
# rows: 6
# columns: 1
 1
 1
 1
 -1
 -1
 1


# name: kernelFunction
# type: function handle
# octaveroot: /scratch/jwe/mxe-octave/4.2.1/w32/usr/i686-w64-mingw32
# path: D:\Backup\git\Coursera\Machine-Learning-Octave\hw7\machine-learning-ex6\ex6\linearKernel.m
linearKernel


# name: b
# type: scalar
-40.56369945313767


# name: alphas
# type: matrix
# rows: 6
# columns: 1
 26.98985456172986
 2.220446049250313e-016
 6.938893903907228e-018
 6.938893903907228e-018
 73.39076421463683
 46.40090965290695


# name: w
# type: matrix
# rows: 2
# columns: 1
 3.747621261252054
 9.86792421748863




# name: sigma
# type: scalar
2


# name: sim
# type: scalar
0.3246524673583497


# name: x1
# type: matrix
# rows: 1
# columns: 3
 1 2 1


# name: x2
# type: matrix
# rows: 1
# columns: 3
 0 4 -1


# name: y
# type: matrix
# rows: 51
# columns: 1
 1
 1
 1
 1
 1
 1
 1
 1
 1
 1
 1
 1
 1
 1
 1
 1
 1
 1
 1
 1
 0
 0
 0
 0
 0
 0
 0
 0
 0
 0
 0
 0
 0
 0
 0
 0
 0
 0
 0
 0
 0
 0
 0
 0
 0
 0
 0
 0
 0
 0
 1


