# Created by Octave 4.2.1, Sun Feb 18 13:54:09 2018 GMT <unknown@Drazen-PC>
# name: v
# type: matrix
# rows: 5
# columns: 5
 9 5 5 9 4
 2 7 2 4 3
 10 5 5 6 8
 8 2 3 2 5
 1 1 10 2 10


